Angle(Degrees) Distance(m)
0          91.9
2          91.9
4          91.9
6          92.5
8          91.4
10         91.8
12         91.4
14         91.4
16         91.4
18         90.7
20         91.2
22         90.7
24         90.7
26         90.8
28         90.8
30         91.1
32         90.6
34         90.7
36         90.8
38         8.9
40         7.1
42         6.7
44         6.7
46         6.6
48         6.6
50         6.1
52         5.6
54         5.6
56         5.1
58         5.1
60         5.1
62         5.1
64         5.1
66         5.1
68         5.1
70         5.6
72         5.6
74         6.0
76         6.1
78         6.6
80         7.0
82         6.7
84         6.7
86         6.8
88         7.7
90         40.9
92         40.8
94         40.4
96         40.3
98         40.3
100        40.2
102        40.2
104        40.2
106        40.2
108        40.3
110        40.2
112        40.3
114        40.2
116        40.3
118        40.3
120        40.4
122        40.8
124        40.9
126        40.9
128        40.9
130        41.4
132        41.5
134        41.5
136        42.0
138        42.5
140        43.1
142        43.6
144        45.4
146        93.7
148        94.5
150        94.8
152        95.8
154        94.0
156        93.0
158        93.1
160        93.9
162        95.8
164        108.0
166        94.0
168        93.2
170        94.0
172        108.8
174        109.7
176        108.9
178        92.9
180        93.3